7
64
95.0661 -1.78122 12.0398 10.9714 -20.3914 -11.2215 -11.766 1.76496 -5.55248 16.4478 -4.40159 30.2636 2.12285 -3.49172 -0.169571 -10.1118 -13.0596 11.8314 -20.1683 6.24477 -12.2616 -5.68278 11.5912 10.0249 14.0797 -22.4741 -49.2193 9.22335 12.5779 2.66597 18.3716 1.84907 -10.7645 -3.42408 5.00543 18.1784 -19.4279 17.0137 5.3409 6.57599 -27.9408 5.84273 -20.1824 3.80337 -14.2608 -1.53493 -6.98608 23.5101 -18.5433 -10.661 -8.35722 26.9375 -10.9245 3.01384 -16.3007 11.6238 10.5608 1.11146 -8.8083 2.48983 10.8713 7.87887 1.79219 -1.93898 
32
11.9603 -71.7092 -5.05311 29.3092 51.3019 19.6705 12.2841 44.8233 3.82096 34.5397 -1.18029 -1.76055 32.2006 -41.1393 11.9509 -49.2109 11.9214 -5.07746 9.00738 6.20138 23.4047 -15.7806 -10.7614 -40.5087 -4.19405 -23.4906 22.446 18.178 -3.11505 26.629 17.4794 14.1609 
16
12.467 -7.42449 -8.38628 5.39751 10.1734 0.747794 -30.7777 7.47969 -5.77568 26.8167 2.68712 -15.3019 -24.3468 -14.7984 -7.32572 11.2384 
8
19.6883 -65.6842 -56.5657 143.275 -62.3022 54.4028 36.2734 86.8855 
4
18.6716 15.1497 -2.78303 11.7786 
2
-1.45197e+24 1.64374e+24 
1
2.39401e-32 
