5
128
179.689 -17.8529 -19.2697 -7.14256 -42.3778 -185.18 216.38 179.947 -89.9926 52.8559 145.461 -85.9831 -20.8114 -166.818 -49.6974 219.427 -9.29369 113.881 66.2676 -53.6142 63.8887 -141.058 -107.649 38.9394 -230.907 -168.263 -30.4877 -28.8476 35.67 55.5443 168.021 146.676 35.2272 19.0306 -271.434 146.352 -198.374 -29.6697 -99.0616 7.79946 49.8754 -5.18356 -27.6314 -28.9784 0.930236 83.6252 27.5218 -79.5859 64.5127 10.5195 84.3599 100.36 -41.65 193.816 -15.775 81.3462 -127.207 57.7529 -18.0315 -26.1586 -21.4192 -69.8754 78.9312 -14.198 -30.4878 -143.102 54.988 -173.753 -86.7101 -174.809 -31.4602 -28.0467 -22.073 -28.4326 -28.161 146.26 -266.009 -156.061 148.441 103.288 -36.0553 16.0605 -19.0223 -93.7837 -84.3614 17.9002 146.948 -54.3056 9.47765 164.379 58.8183 62.2197 -30.4578 15.3665 -58.2992 87.1473 135.936 80.4713 76.1834 -123.743 -8.333 -19.6767 -117.399 -95.0298 -72.0979 98.3283 -41.5619 -140.803 -40.6092 -110.842 -94.5945 48.3946 47.0006 -204.069 -79.9394 10.8377 -125.827 -182.491 106.874 243.397 170.074 -93.2197 47.0425 99.796 -80.6297 -30.2699 -12.2427 38.6879 
64
-192907 248789 -42287.2 -64647.9 56675.5 -462578 276973 -124349 314202 -448008 -486259 -455134 355496 92127.3 -424535 -171138 57202.4 -774290 -780956 422563 786529 552182 315751 72385.7 139692 -781176 -799054 183293 223052 614312 629480 8804.59 -378128 83566.5 404674 -65708.4 -416919 -5071.65 330096 -538648 99938.5 787460 -6640.34 -595810 175972 -117600 -10480.5 -289294 334774 32636.7 -6679.2 -531479 -210376 -192908 121211 -624074 869277 188517 170935 315760 953237 119402 144967 -35470.4 
16
9464.11 18040.5 -6917.03 4024.57 -2304.7 9853.88 7287.27 -20762.7 9449.86 8102.96 15373.7 21125.6 5763.44 14949.4 9226.65 -15423.9 
4
-8.89865e+229 -3.87823e+229 1.37259e+230 -9.84879e+229 
1
1.95705e-242 
