5
128
-11.5049 -19.1213 -33.0827 44.5627 -3.07772 1.51394 -17.3381 -13.5451 21.8009 6.98082 -24.6909 9.23177 -19.6209 12.4607 12.0557 -0.925844 -3.83021 -20.835 14.515 -10.7344 28.469 49.9101 -0.670448 13.379 -10.6977 33.8103 0.502574 33.75 -1.79865 -27.9521 -14.0741 -46.4407 59.1941 3.57427 -2.84047 21.3751 -2.53532 -13.2109 -14.828 -12.3658 -22.2381 -4.96924 -56.0422 -27.0094 -28.4872 -17.8227 -24.8078 47.6276 52.4568 28.9963 -46.9018 30.0562 2.64685 23.0558 -6.07584 -36.697 -10.9559 15.1841 -35.5682 37.8981 -31.6409 15.4986 41.2105 21.1477 15.9644 18.1254 -16.2303 3.11956 10.4751 24.8827 -13.6385 35.853 0.907057 -14.7956 -40.4345 47.0968 -32.0064 -11.6238 26.3183 -24.2908 -35.4255 -3.85637 -26.7608 5.1123 -6.27338 -16.3976 6.29 28.0257 25.5585 9.18354 31.0923 61.07 -16.9403 38.927 -0.555446 -3.44492 1.03108 -7.02985 33.3925 8.81355 -20.2003 24.6485 -23.8891 -14.3681 -35.5213 8.41896 49.543 26.819 -17.7813 -48.3418 -43.8408 -35.5616 22.7304 -15.645 -11.7114 -30.6529 -26.2645 1.10584 -34.3373 20.497 2.41076 -19.0831 13.4048 -25.8665 22.6325 11.8342 31.2245 19.3627 
64
7.01104 15.5491 -4.62484 -20.2973 13.1589 23.6313 -9.00315 -4.02144 18.8151 12.253 9.98862 -8.47342 -21.1858 11.0924 23.8415 -6.8814 5.34478 6.83993 23.4071 -7.37017 -14.0643 -14.8412 6.6737 11.2486 13.7395 -15.3548 -5.37063 16.6829 11.5755 13.5007 -8.50117 15.8159 24.6107 -14.4765 5.92646 -4.08329 -12.3971 -23.5942 -13.2929 8.92707 12.4342 -10.818 8.11232 -2.60623 0.767032 7.74026 -21.6132 0.821334 17.3113 0.00663617 10.5497 15.3276 18.764 -8.82908 -21.6615 -14.074 25.7697 9.24451 -23.6812 15.4949 4.67539 10.1668 18.8113 15.4805 
16
-34.6971 74.1412 146.125 -13.9519 88.3005 85.7751 -116.207 27.1896 94.5372 75.9414 -116.652 77.8757 -102.842 -65.0268 24.3436 -10.1074 
4
-14.179 -12.9519 1.3937 2.42773 
1
1.26747e-06 
