5
128
-26.9621 -2.25793 5.23084 0.400488 2.39941 20.274 28.5141 3.26001 -15.3628 50.8907 42.918 5.81781 7.68411 12.6487 33.8038 -9.09918 -32.2605 8.10262 -52.0772 54.1598 8.03146 19.5304 -8.21348 9.98657 18.5493 12.7002 17.0826 -4.21381 -11.0372 34.2244 26.0596 39.1666 -14.9409 -5.03816 17.3859 26.4661 -22.5771 -29.0012 -13.5038 -29.5407 -21.4825 2.8658 -20.0649 40.5811 -5.57032 -5.78054 -13.8199 -4.53806 11.8704 43.6931 10.0448 13.2424 -5.93636 14.5386 29.9168 45.9081 -13.5588 -8.2898 -13.0182 -9.44773 -24.6611 4.53763 3.07751 32.8988 7.01209 -0.262074 2.19531 15.0698 -6.15314 22.0149 -13.3295 48.3107 16.6906 -7.09097 27.7989 -17.9924 9.91515 -47.2087 -8.57055 30.0923 -16.8402 -39.4637 -12.5334 6.2086 35.6926 5.03324 -28.567 -27.1708 -8.66602 -3.28916 4.38265 -5.57893 -8.78522 -18.0517 14.1827 -1.66918 10.9423 20.8177 0.120305 -5.06041 -2.10267 22.8272 31.9546 -6.37896 7.39811 -39.9687 1.81365 25.6912 -35.7065 -12.1332 -7.2429 43.3061 -13.1044 4.78246 -27.3397 9.72696 30.5387 -15.3145 5.76503 5.01318 0.449307 36.5573 29.081 -22.6075 -13.4661 19.6914 -8.83758 8.47346 
64
6004.7 13765.9 1201.13 5024.23 -1702.09 -1682.88 -9916.47 -12261.8 -369.641 4562.72 15134.6 3949.19 -10713.5 -3543.97 1259.81 -8806.75 8728.87 8139.97 -8152.37 8413.35 19736.5 12047.7 8010.06 -4561.13 -3292.53 -2092.36 5019.6 -9173.76 -4899.74 11180.1 -10177.6 8827.95 11176.4 1370.58 20966.3 68.4616 -8934.51 -10842.7 -7525.13 3166.43 2385.29 -6510.17 5918.26 6009.51 3825.49 -10888.1 -6647.91 -15643.4 15200.5 1176.96 4708.18 -7599.76 -6205.77 -2328.38 6071.98 5237.51 -5851.52 13072.9 1552.27 -2933.17 -9357.69 6265.47 1924.12 8215.24 
16
-257.238 -433.887 427.639 216.657 -63.7066 -497.088 -132.08 -5.13033 396.623 46.8753 216.066 -650.378 284.806 27.2982 -665.584 -301.12 
4
-2.76244e+169 3.73217e+169 5.44979e+169 -5.02832e+169 
1
4.03559e-178 
