5
128
-62.0032 -33.5922 -34.9108 34.6328 22.4979 0.924958 21.7408 -76.9641 -41.9171 60.2315 59.7411 -2.35495 -54.7814 -96.1085 59.7173 39.0874 -62.7261 14.6035 33.6487 -16.7195 -72.6748 99.1192 -6.41367 -21.2205 -1.41342 71.6665 28.4251 -62.1803 -4.37339 17.847 36.8478 31.4506 28.1002 -30.9865 16.9636 28.0909 -30.7385 -28.4906 -13.4785 58.2272 -3.456 33.585 -6.43093 -1.96283 1.2487 -19.0845 -14.7085 45.6588 39.0019 -43.6399 -54.7514 56.2793 30.7792 61.1115 -24.3215 6.81251 10.8211 -56.3533 11.1772 -84.093 -35.1354 8.57406 36.4832 -41.9824 -35.2498 38.1092 62.6856 36.7045 -80.1009 -36.7348 -11.6343 3.60503 29.8326 33.9167 27.646 50.8773 75.7531 46.5445 -21.646 77.5009 28.5374 51.493 -34.445 -36.7359 12.8684 60.367 96.6994 69.5932 -9.04048 17.0642 42.8597 -36.319 62.2744 28.0709 -8.30153 -64.0138 -11.0778 -44.1111 -77.4691 73.6078 -62.5293 -41.8675 -28.2656 -49.2821 5.9424 24.0738 -67.5512 48.4084 -45.7366 54.2595 -27.0829 -61.7066 23.89 65.361 -29.5646 71.5827 31.8804 32.3528 45.3509 46.41 -25.5946 35.1951 48.6947 -63.1212 35.6913 -42.8133 19.1314 -51.5462 
64
2.38898e+09 -2.10233e+09 -5.73821e+09 1.59971e+09 1.3023e+09 1.70695e+09 -6.14899e+08 -2.19406e+09 4.90051e+09 -1.91125e+09 -2.18453e+08 -3.68561e+09 1.44091e+09 -2.14179e+09 1.54622e+09 3.01993e+09 -2.39757e+09 -2.30336e+09 4.65854e+09 -1.84017e+08 7.66902e+09 2.22366e+09 -2.89687e+09 -4.27018e+09 5.11164e+09 -9.41529e+07 -2.29187e+09 -1.45493e+09 -3.75913e+08 1.94507e+09 -8.54549e+08 -9.37042e+09 -8.29895e+09 -7.29109e+09 2.01719e+09 4.85811e+09 -1.00432e+10 -2.76036e+09 -4.6843e+09 -5.1054e+09 4.36569e+09 4.57462e+09 3.98329e+09 2.17528e+09 3.23651e+09 -3.44116e+09 -1.07365e+08 1.16937e+09 2.14187e+09 1.78049e+09 -7.59277e+09 1.09291e+09 2.7543e+09 -1.55976e+09 1.21598e+09 5.60411e+08 1.90819e+08 9.03787e+09 -1.34242e+08 -6.50402e+09 9.97886e+08 7.26645e+08 -1.44628e+09 -2.97564e+09 
16
28108.1 65625.1 -99236.8 -147575 184126 -127975 -53773.1 204524 -632685 87349.5 -463234 -429886 -3053.02 116134 -143059 118499 
4
-4.05459e+260 -7.50352e+260 5.29517e+260 -1.03873e+261 
1
-3.58501e-278 
