5
128
-16.5785 -26.7603 -67.5663 26.7018 3.48811 36.0843 -42.7057 7.25358 5.8184 15.4278 -77.0106 -76.9609 15.988 -70.4447 -22.5161 -5.92295 54.1498 -63.229 59.5562 -14.0849 11.0272 14.3507 46.1284 8.17218 -15.0474 -21.7348 4.84145 14.4152 19.5904 -2.50961 -19.1481 -74.3592 20.2332 1.64655 55.4688 1.13983 -4.66026 -31.8779 -10.824 -28.7732 51.8024 52.0791 53.1337 -34.8417 23.3655 11.5901 41.0782 3.1653 28.521 -43.4549 2.18686 17.34 -35.2588 -74.3916 -3.30549 -8.77398 61.4737 22.7287 3.919 82.0365 -27.9106 -27.0785 23.1131 29.3945 8.91433 46.3714 6.4528 14.4589 -16.4339 -54.0224 -32.3207 -5.99664 40.109 -5.97871 -15.7123 16.1591 51.8881 70.3817 18.6924 -71.0731 -74.4774 7.06933 64.9945 50.4823 21.2925 21.2434 -63.1689 47.3822 -9.49218 5.06984 -63.7232 33.1605 33.5797 45.3348 -21.6166 52.0503 33.2133 32.0821 -51.8629 9.14011 2.85839 -11.9671 -14.8967 -13.4104 -7.1072 -27.9879 -22.2046 -25.8692 -34.1711 -55.9907 27.966 59.8583 59.2331 31.563 -17.5108 -73.4781 -62.2857 -32.5767 -14.2352 -4.72812 -60.4721 70.2671 33.8601 81.176 39.0597 -6.29105 35.5223 -7.52072 
64
-26.5052 1.68235 -18.0907 -28.3342 24.4062 5.29612 23.4816 40.6429 19.343 5.24419 -8.86541 27.6856 -5.64281 -30.6816 23.7054 -49.8148 -43.5502 -38.1814 -2.01667 1.55278 -34.7964 17.3696 -9.23506 -13.1788 2.77899 6.49747 9.69124 -29.7865 0.541379 23.9355 6.66459 -14.2066 41.3937 15.8533 -11.3194 24.0968 -1.66003 13.1267 46.3976 -14.865 8.69679 -38.7656 17.4503 -9.18542 -14.8041 26.0107 27.3636 -18.0888 20.7117 -31.35 -13.975 3.06994 -6.52895 32.8129 12.5993 -18.8741 28.4057 -35.4627 42.4621 7.40482 -21.7844 30.8111 30.0735 -19.4052 
16
-98.9982 -140.897 -179.682 -29.4617 -15.4068 137.887 -6.7262 187.233 -72.9396 -218.232 -191.351 85.3822 -10.052 155.714 19.6703 20.5345 
4
9532.21 -414.176 -9298.85 -1336.86 
1
-5.18066e-10 
