5
128
20.5346 -6.15753 -9.03212 33.378 27.6247 -7.82605 -10.3396 -14.0892 -9.67911 20.8216 31.1781 7.53971 -5.35333 -30.548 1.99179 -12.1279 -31.6367 17.6513 -1.60204 -16.3944 11.0833 25.4911 -30.5271 -21.5966 2.93428 25.237 -15.7882 23.2062 13.3665 -30.5055 2.79966 8.96365 12.2673 -3.82568 -39.7392 -30.1222 8.3455 38.1447 -0.0861489 24.9448 -22.1105 -27.2246 3.06323 -14.7767 -23.331 20.8369 -22.4646 -24.156 -33.5616 18.9982 -0.298948 -40.515 16.9806 9.90495 -17.4073 14.9906 22.5807 26.7654 -4.67652 -1.04048 41.4832 19.7371 -32.2559 -7.4753 -22.1344 16.5208 23.6134 -23.69 -19.4911 -21.0274 29.0716 -15.3933 -17.4162 -10.567 -18.2324 5.29235 -24.6195 -15.953 32.815 -21.1664 -9.66926 -27.4555 -24.6176 -29.494 -18.7788 -17.788 -6.31432 -15.6137 -8.38816 3.20695 22.2943 8.88844 -10.3782 12.0205 -27.5226 27.4898 32.7301 19.4357 17.525 -32.7453 -26.1705 -44.2091 23.7655 -29.2964 -19.4745 29.4736 22.2924 -22.3664 -1.99866 28.4187 25.3867 10.6842 -16.7373 17.6272 -1.67756 -26.3154 -24.0197 6.56038 1.47231 15.1913 5.33924 -23.11 -43.1709 -2.84167 -3.73915 15.6975 20.9349 4.46924 
64
-9.52461e+06 5.86802e+06 2.20929e+06 -8.81971e+06 1.516e+06 7.72162e+06 -26781.2 3.79008e+06 -1.43265e+06 4.36581e+06 -6.28361e+06 3.75267e+06 4.89775e+06 -9.57795e+06 -3.41767e+06 -7.21139e+06 1.48689e+06 4.69286e+06 7.35268e+06 -2.40806e+06 3.51488e+06 -279424 3.45445e+06 4.36729e+06 -1.25907e+06 4.35692e+06 -7.16544e+06 9.13492e+06 7.93812e+06 19575.7 1.49944e+06 -4.20819e+06 1.02605e+07 -396730 5.24028e+06 5.57937e+06 -2.50564e+06 -760384 3.84379e+06 4.58413e+06 2.14152e+06 3.94825e+06 -1.84219e+06 3.90262e+06 5.46903e+06 3.88556e+06 3.85603e+06 -5.5375e+06 3.44219e+06 3.92111e+06 -717339 2.63926e+06 5.09505e+06 1.82181e+06 -475351 309445 -2.90916e+06 2.90628e+06 1.14535e+06 3.93699e+06 -1.44489e+06 -3.37932e+06 3.92056e+06 6.50472e+06 
16
4.13983 -4.1869 -2.63217 -3.68204 6.02591 -2.68464 6.69697 -0.968065 6.97122 4.93693 -4.6232 -2.40502 -0.473787 -5.00117 2.69426 3.49207 
4
-1.24506e+31 -1.49574e+31 -1.61517e+30 4.1603e+29 
1
-1.79654e-40 
