5
128
0.878786 2.40659 -1.51751 2.14126 -1.25117 1.11626 1.12946 -0.00152045 0.376322 -1.49584 0.146876 -0.199586 0.844845 0.578779 1.7146 0.238194 2.18475 1.43634 -0.545089 0.203838 -1.2549 -1.20942 -0.493079 1.76676 -0.110031 0.999029 -0.090175 -0.830411 -0.122065 1.68184 -1.88336 0.0924906 -1.02888 0.423556 0.965752 0.550679 -1.19594 -0.0251826 -0.774243 -0.42839 -1.85489 0.901529 -1.1253 -0.864005 0.414612 -1.37796 -1.00631 1.22916 -0.112657 -1.97936 -2.21529 -1.7963 -1.0038 -0.799491 0.0428327 -1.05373 0.0857453 1.27935 1.51572 1.70918 -1.26574 0.294548 -0.750447 -0.489784 -0.842875 0.627855 0.896594 0.0872907 -0.180596 1.39545 -2.53868 -0.583709 1.34543 0.245832 0.254568 -0.564864 1.37873 1.80898 -0.711046 -1.18249 -0.670498 -1.8927 -2.18789 -0.738479 0.346457 -1.24479 0.0244949 1.36261 2.34927 -0.691502 -0.796514 -0.2972 -0.16665 1.42863 -0.515333 1.02145 0.908768 -0.103916 -0.996349 -1.4569 -2.13978 0.0170336 1.39067 1.70608 -1.02097 -0.222815 1.6468 1.33463 -0.590213 -0.534724 -0.143501 1.09394 1.69467 -2.00416 1.46994 1.19444 -0.615195 -0.53143 -1.01636 -0.57794 -0.659138 2.29175 1.15508 0.257764 -0.312629 -0.386787 1.1066 -0.322779 
64
-578580 -445887 -391433 13594.7 -172249 -1.56972e+06 817036 572253 1.60718e+06 -739416 945708 -2.27433e+06 -77227.9 85011.1 1.90609e+06 -978820 1.53854e+06 59209.3 -563118 1.70747e+06 -484099 -1.28569e+06 -509569 210181 -657428 1.28814e+06 -595671 -506417 1.34625e+06 95435.2 398231 1.75516e+06 -522441 -591768 1.97071e+06 199136 -1.33782e+06 -1.30841e+06 1.47321e+06 742584 -448745 574497 -1.97155e+06 -428363 -723264 -410411 628320 1.10928e+06 1.11291e+06 -1.47884e+06 -128267 285565 -367056 638064 -613422 34415.6 863969 -313656 -437411 -32049.9 -853279 2.90068e+06 1.03857e+06 1.70233e+06 
16
329.554 -180.096 41.9665 -258.248 -3.73197 -187.246 74.2449 198.806 -175.886 -249.195 -164.17 -117.595 -208.348 144.12 -370.872 143.471 
4
1.72755e+284 -1.23787e+284 -1.50905e+284 2.86715e+284 
1
1.95581e-293 
