5
128
-108.407 -352.771 294.717 -431.562 -377.442 -295.418 -35.4796 -217.936 170.203 -397.904 193.203 -319.379 201.431 32.9074 209.855 -116.276 206.985 -61.6494 374.214 -257.268 136.779 -27.9157 41.5428 -412.359 308.179 -111.715 18.2076 -260.579 15.3286 156.152 9.1314 79.3075 319.756 -494.769 -362.869 20.8605 7.74441 -91.3008 -181.808 88.5555 122.536 -127.462 10.7933 374.011 294.168 -166.529 394.296 406.871 90.1623 -88.0698 -41.8582 -57.0398 -106.575 -137.854 99.4857 -166.235 -127.478 -88.9658 -142.013 158.115 -415.508 102.375 -371.76 39.0366 -249.259 -149.72 -53.6976 -361.824 -485.702 67.5717 245.645 -567.922 -446.312 -229.599 -172.693 -66.8832 170.67 106.374 -346.006 -473.872 -380.555 91.587 -209.074 245.142 153.949 423.463 16.3405 -113.7 437.602 148.758 107.547 286.386 228.284 -319.888 249.19 -279.584 334.366 -37.0916 47.4212 86.8518 29.6101 -46.418 257.642 395.598 4.11032 -156.243 -15.8067 -8.87209 -538.378 399.848 262.372 275.703 80.1033 253.936 48.5502 227.423 67.3439 -4.86692 -66.5091 13.5882 -443.099 -128.511 113.085 34.3397 -125.349 33.9106 -253.241 -97.7532 
64
4.22107 16.1422 21.6567 -5.44032 -6.15158 -18.7676 -42.2671 7.25991 28.9878 29.7085 -20.6935 -9.33363 13.9559 30.9488 5.40796 53.0826 20.564 -32.9223 -28.9754 28.1941 17.2407 31.2797 10.2175 -21.0412 -33.5919 35.6525 -38.0419 -9.74713 20.5811 -20.3995 24.703 25.3952 7.71857 -1.08671 -37.0533 -33.8787 -38.889 24.7398 -31.2395 -6.28613 -8.41215 6.18617 -14.0945 7.73318 10.8034 -7.71322 -8.61521 25.4745 -26.6673 7.9878 -26.3731 27.5174 -5.17657 4.82006 30.4701 5.95952 -35.5062 -48.4038 -31.1367 5.93103 -29.1126 7.241 -9.7367 -32.0701 
16
9039.43 19619 -20334.8 -2.82281 -18624.4 -15895.5 7267.23 3577.93 -19942.8 9564.55 -17668 -15655.2 291.632 12758.3 11974.7 6787.77 
4
-1.27056e+14 3.13795e+14 -1.04442e+14 -1.48306e+14 
1
-6.19157e-23 
