5
128
0.181522 -0.287883 -0.908037 -0.670632 -0.579673 0.756701 -0.786531 -0.136076 -0.296294 0.522471 -0.735693 -0.34225 0.0146488 0.560654 -0.557151 -0.0638212 -0.322034 -0.0409297 0.394346 0.632288 0.355143 0.134187 -0.21327 0.421781 -0.216682 0.365418 -0.71702 0.508329 0.088723 -0.998876 0.4568 0.205896 -0.155992 0.251847 0.558961 -0.176427 -0.612396 -0.251942 -0.181764 -0.487842 0.631854 -0.455969 0.457836 -0.738323 -0.108228 -0.249185 1.06365 0.088276 -1.03072 -0.826603 0.464755 0.42062 0.558242 0.428888 0.236786 -0.572909 0.261718 0.902574 0.567684 -0.37618 -0.677214 0.120483 -0.893726 0.588899 0.373192 0.434041 -0.597582 -1.20271 0.504308 -0.558898 0.771048 0.234162 0.680664 -0.601977 -0.0589285 0.0310747 0.180353 0.344814 -0.402604 0.839251 -0.904901 0.149333 0.0135584 -0.0646718 0.00152802 -0.41798 0.358729 -1.06952 0.359706 0.325531 0.559044 0.0776064 -0.442789 0.171844 0.028521 -0.1716 0.655955 0.08549 -0.453886 0.269388 0.247961 -0.505309 0.546709 -0.673223 0.214482 -0.392426 0.696708 0.168891 0.440446 -0.357465 0.994891 0.0480825 0.102183 -1.22468 1.16422 -0.279794 -0.432556 -0.835347 0.649256 -0.472811 0.577842 0.265046 0.61303 -0.801296 -0.531061 0.435398 0.600156 0.652609 
64
-7017.1 -2647.41 2969.99 -1884.64 8931.63 -6172.5 3929.12 -8127.33 -5874.81 -12616 5019.61 1959.01 11037.8 -15102.2 -7334.88 1639.85 -2909.22 -7027.2 8850.12 9400.57 -10200.4 3691.98 -11269.1 3817.1 9964.68 8398.46 766.155 -13605.8 11228.7 8167.47 -2471.45 956.276 -2416.83 -9368.2 -14035.5 7434.86 2193 -10338.7 6489.22 10739.3 3926.53 -15351.2 -199.234 -913.635 9007.21 -6502.5 10197 -5062.95 -16021.6 12795.6 1173.73 7308.73 -6510.52 6116.58 10375.5 -11486.3 861.081 6759.73 10398.8 341.137 9847.71 6089.56 12004.8 -5262.7 
16
6597.03 973.186 2475.59 -7744.56 -11853.7 -11493.5 8520.24 -7090.78 11252 805.584 -1849.32 4590.69 -9039.75 8291.96 1692.87 -13474.8 
4
7.59669e+14 5.57971e+14 5.6225e+14 -1.87074e+13 
1
-4.83918e-23 
