5
128
12.915 51.928 -1.51211 -9.79299 -0.649189 59.7557 20.8575 -8.22152 8.18187 -9.96092 -33.4672 -52.733 -12.8095 9.20564 -17.7069 36.9008 -22.3031 17.9727 -47.2479 -16.9751 -54.8834 19.2922 6.12828 -10.3414 34.8702 -20.4047 -18.4232 15.3336 -23.8254 -38.4851 4.69982 -5.9124 -2.89963 -15.0344 48.0982 42.0274 -31.292 3.20784 10.1817 -20.8225 -26.5835 43.548 -13.203 31.5937 -12.7979 10.9617 32.3181 -18.4376 -19.1353 -69.5331 46.7503 16.6813 68.7122 -4.95023 36.0012 -50.465 -26.2627 -18.049 39.3812 35.5906 57.1664 37.3679 22.3004 -57.9505 -26.1507 -23.7218 52.7548 24.6432 41.5211 -68.3489 -43.7714 -65.2531 61.6445 -56.2574 4.999 -18.8783 -30.0188 -35.7209 -9.80036 38.9247 -41.3915 33.9745 -16.7679 -12.0102 -1.74444 42.4091 37.555 53.3246 4.92027 -16.6103 -31.4268 -9.26251 -18.3089 -12.6281 -13.9834 -45.1447 -37.3627 -48.6676 -0.684698 41.2057 10.7869 -44.4343 -13.1679 22.8051 19.9729 44.2079 18.6939 18.0383 18.602 27.7285 11.4983 42.132 -6.72331 20.9559 -37.9087 -45.6211 54.5795 -31.7266 -19.7072 -8.82005 -1.22395 32.8553 -42.2552 -27.6391 43.1937 24.2954 -35.651 -9.96516 
64
2039.7 -111.996 724.489 -165.212 2722.91 -1076.76 -91.7156 -2062.71 -1003.79 -3086.55 1826.86 953.859 2647 -592.86 -384.203 1365.08 -80.5238 -1675.6 1752.86 -695.99 -1162.67 97.1462 -2321.46 1561.23 242.488 -795.733 -1038.5 -2062.41 2209.17 -347.044 -593.593 1092.11 -54.0991 -154.508 -1843.32 -884.921 430.71 1232.52 -805.082 40.9462 -656.665 477.319 -1358.39 724.764 -416.604 1834.65 -1110.12 879 -513.325 -1527.12 1947.07 -30.5336 434.037 -189.776 -449.428 828.173 1023.93 -230.527 -584.433 406.052 762.514 1183.05 -1476.52 -1304.58 
16
-1459.64 -3822.41 -162.012 1973.62 -2080.02 4163.19 1954.48 2396.24 -281.827 2790.23 1813.53 -137.762 -352.9 2608.98 -2016.22 -1364.21 
4
3.5506e+96 1.26237e+97 -1.86806e+96 7.92921e+96 
1
1.52945e-105 
