5
0
16
-6.06783 3.42643 18.9239 14.6768 -0.796858 9.79848 -25.4596 40.9614 -17.2706 41.0808 -32.3545 20.3862 -11.5835 10.656 -18.9143 -5.29167 
1
18
3.53338e+12 -1.15515e+13 1.93204e+13 -7.54247e+12 2.0317e+13 -1.02605e+13 -7.22534e+12 2.25367e+13 -7.80815e+12 -2.20837e+13 1.61494e+13 -1.08493e+13 -2.07021e+13 0.265064 -2.27273 1.70197 5.27744e+12 -3.91845e+12 
0
8
1813.46 -468.962 -1259.91 -411.465 1282.71 -3528.6 -1124.89 -1018.63 
0
4
-6.47214e+288 1.83647e+289 1.01075e+288 -8.6052e+288 
0
1
-1.82761e-307 
