5
64
-86.708 -17.8452 19.4928 -0.182176 2.7477 -34.7023 -6.39596 0.442527 -42.8714 -24.0699 -27.8984 -34.2277 12.1209 21.8714 3.5265 -4.16245 29.2294 -19.7279 13.0972 -7.36458 -2.85654 14.8487 -0.190155 1.06332 -25.5645 -7.12772 11.4217 4.00887 40.0016 43.7621 -15.2551 -29.9412 25.5776 5.8684 20.6135 -40.1319 -3.37802 -26.8559 -24.8659 -12.3446 -12.0206 28.588 11.0968 -4.89458 0.167113 19.0519 -30.5059 1.90454 5.03326 -30.6333 50.3119 -8.05542 -5.80033 -9.71119 17.9828 15.0628 20.2666 -29.856 -38.5741 -30.3583 -27.2114 11.8112 -32.3633 24.4428 
16
4.08266 23.3915 11.2795 17.9663 -11.6379 9.80972 -22.5267 43.1157 -35.6213 6.59962 25.881 -6.83816 10.4094 17.0429 -3.52784 27.4123 
4
-1.6612 -26.2467 11.669 -4.50454 
2
-1.49395e+16 -1.4879e+16 
1
2.69913e-21 
