7
64
114.385 -28.6695 53.8474 13.4224 -49.7944 -2.85171 -23.055 50.4081 -16.9265 24.7341 -20.1119 12.2314 -1.83407 -9.59091 7.44964 -23.0714 77.0508 -58.117 -23.4479 -38.6182 36.3461 -49.1128 -20.0679 3.06783 -43.6021 -68.4547 -61.4153 36.322 48.9283 64.4956 8.3628 -16.4512 19.8361 26.3301 46.0718 -5.18844 60.8422 9.39858 -1.5808 -13.5445 -32.2393 46.3025 39.8934 0.302723 -28.8011 34.2742 68.7836 39.5494 11.7215 3.16556 -22.3033 -59.9523 13.9719 -24.986 24.8259 75.3997 6.70494 -21.1956 -28.8592 2.87067 15.4842 40.8457 6.34986 64.4489 
32
20580.4 133671 4216.89 -31873.4 -101767 -6835.73 -71410.3 2912.02 116294 70776.9 25071.8 15717.3 52459 -109953 -95496.8 -72916.2 40532.5 -5545.68 122930 11079 71452.8 -17422.1 -52925.5 -36414.7 -149645 5045.94 39677.1 -90098 -114060 3358.8 26070.4 59736.1 
16
1154.36 47.1852 8100.95 -95.2152 724.604 718.66 1037.73 -344.45 -39.0189 1058.2 532.46 -635.428 311.304 435.04 749.732 -641.649 
8
-1.03942e+12 -3.87654e+11 1.08169e+12 2.87672e+12 -5.66954e+11 -1.90257e+11 8.96228e+11 5.64299e+10 
4
-49163.1 -42612.5 15946.1 23039.9 
2
1.56317e+107 1.07632e+108 
1
-3.7585e-134 
