6
0
16
-16.2954 28.9358 24.6592 19.9882 -32.1258 -1.72941 24.7111 -6.57828 23.2782 -49.7873 -15.9149 -29.8277 21.9695 -22.5055 10.7019 0.159458 
1
21
0.00533 -0.00896 -0.00263 0.00958 0.00412 0.00104 0.00894 -0.00282 0.00979 0.00154 -0.00805 -0.00791 -0.006 0.00085 -0.00328 0.00958 -0.00416 0.00796 -0.00855 0.00545 0.00704 
1
8
454.818 5873.57 -6240.08 284.283 1610.05 -4802.86 -6358.34 -3238.3 
0
8
-5.09538 2.72138 -1.74944 -9.94598 -18.101 13.7053 -0.331502 -12.1862 
0
4
-3.01892e+290 -6.39147e+290 -5.85738e+290 -6.77458e+290 
0
1
3.22779e-296 
